0
4
5
15
22
33
45
60
80
100
130
160
200
250
300
360
420
480
550
620
700
780
860
960
1109
1331
1597
1916
2299
2759
3311
3973
4768
5722
6866
8239
9887
11864
14237
17084
20501
24601
29521
35425
42510
51012
61214
73457
88148
105778
126934
152321
182785
219342
263210
315852
379022
454826
545791
654949
785939
943127
1131752
1358102
1629722
1955666
2346799
2816159
3379391
4055269
4866323
5839588
7007506
8409007
10090808
12108970
14530764
17436917
20924300
25109160
30130992
36157190
43388628
52066354
62479625
74975550
89970660
107964792
129557750
155469300
186563160
223875792
268650950
322381140
386857368
464228842
557074610
668489532
802187438
962624926
1155149911
1386179893
1663415872
1996099046
2395318855
2874382626
3449259151
4139110981
4966933177
5960319812
7152383774
8582860529
10299432635
12359319162
14831182994
17797419593
21356903512
25628284214
30753941057
36904729268
44285675122
53142810146
63771372175
76525646610
91830775932
110196931118
132236317342
158683580810
190420296972
228504356366
274205227639
329046273167
394855527800
473826633360
568591960032
682310352038
818772422446
982526906935
1179032288322
1414838745986
1697806495183
2037367794220
2444841353064
2933809623677
3520571548412
4224685858094
5069623029713
6083547635656
7300257162787
8760308595344
10512370314413
12614844377296
15137813252755
18165375903306
21798451083967
26158141300760
31389769560912
37667723473094
45201268167713
54241521801256
65089826161507
78107791393808
93729349672570
112475219607084
134970263528501
161964316234201
194357179481041
233228615377249
279874338452699
335849206143239
403019047371887
483622856846264
580347428215517
696416913858620
835700296630344
1002840355956412
1203408427147694
1444090112577232
1732908135092678
2079489762111213
2495387714533455
2994465257440146
3593358308928175
4312029970713810
5174435964856572
6209323157827886
7451187789393463
8941425347272155
10729710416726586
12875652500071902
15450783000086282
18540939600103536
22249127520124244
26698953024149092
32038743628978908
38446492354774688
46135790825729624
55362948990875544
66435538789050648
79722646546860768
95667175856232912
114800611027479488
